9.092407            
10.911521           
11.587735           
10.956549           
9.784050            
9.893567            
9.092407            
10.944740           
10.911521           
10.563461           
9.439298            
11.587735           
10.911521           
11.231961           
10.911521           
9.658739            
9.893567            
10.956549           
9.092407            
9.134377            
9.092407            
9.646883            
14.550383           
10.911521           
11.667143           
9.784050            
10.686941           
9.899175            
10.521400           
9.973326            
9.092407            
9.893567            
12.730846           
9.893567            
10.911521           
10.911521           
9.218982            
10.911521           
10.911521           
12.018453           
9.092407            
10.911521           
9.681521            
11.587735           
9.092407            
12.730846           
9.092407            
9.893567            
10.152533           
10.911521           
9.092407            
12.310537           
10.911521           
12.730846           
9.092407            
10.996187           
10.714192           
9.893567            
9.092407            
10.252255           
10.521400           
12.021391           
9.927453            
12.730846           
12.018453           
10.981067           
9.092407            
8.492268            
10.911521           
10.911521           
9.182206            
9.893567            
12.730846           
11.587735           
10.161331           
9.900048            
9.092407            
10.152533           
9.549401            
9.658739            
9.092407            
9.784050            
9.893567            
9.893567            
11.571992           
13.136881           
11.508206           
9.092407            
10.911521           
10.981067           
9.893567            
11.587735           
11.433570           
11.465015           
10.911521           
10.858501           
13.189334           
9.092407            
12.158084           
10.563461           
10.911521           
9.092407            
11.633947           
9.092407            
9.893567            
10.911521           
9.092407            
10.885898           
9.092407            
9.893567            
9.899175            
13.341579           
13.004817           
10.911521           
9.092407            
10.956549           
10.609251           
9.646883            
10.911521           
10.911521           
10.152533           
10.911521           
10.152533           
11.508206           
11.697737           
9.092407            
10.714192           
12.730846           
8.177396            
9.906418            
9.092407            
11.431355           
9.900048            
9.092407            
9.797940            
9.784050            
10.911521           
10.911521           
10.911521           
9.092407            
9.526252            
13.787513           
10.911521           
9.092407            
9.092407            
9.092407            
15.060521           
12.730846           
10.911521           
11.512611           
10.911521           
8.665752            
12.580984           
9.893567            
10.911521           
10.864274           
9.092407            
10.152533           
9.893567            
12.730846           
10.573199           
12.730846           
10.777433           
11.109452           
9.857190            
13.296101           
11.587735           
11.587735           
12.703538           
9.769921            
9.092407            
9.092407            
10.521400           
9.092407            
9.092407            
9.092407            
10.911521           
12.730846           
9.671783            
9.092407            
10.563461           
16.272185           
9.092407            
10.911521           
9.092407            
9.092407            
14.550383           
10.379642           
10.521400           
10.911521           
13.296101           
9.092407            
10.911521           
9.092407            
8.217629            
11.587735           
9.092407            
10.911521           
9.893567            
9.900048            
9.092407            
13.296101           
11.697737           
9.092407            
10.911521           
10.152533           
10.911521           
10.911521           
9.900048            
8.586183            
14.550383           
10.937715           
9.423690            
10.911521           
9.092407            
9.927453            
9.893567            
9.893567            
9.445167            
11.348198           
14.550383           
9.805909            
9.092407            
10.911521           
9.092407            
10.911521           
9.092407            
13.296101           
9.147794            
9.837228            
10.291394           
10.864274           
11.423320           
9.092407            
9.900048            
10.911521           
10.716452           
14.550383           
11.463765           
9.092407            
10.911521           
12.730846           
10.911521           
11.410044           
9.436189            
9.911779            
10.911521           
10.152533           
9.526252            
10.521400           
10.563461           
11.231961           
10.562022           
9.124465            
11.508206           
10.484235           
10.911521           
11.109452           
10.911521           
10.033467           
11.697737           
18.179494           
9.092407            
9.911779            
9.002800            
8.129619            
12.730846           
9.758747            
9.900048            
12.730846           
12.076982           
9.092407            
11.667143           
12.191023           
9.218982            
9.258771            
9.092407            
10.369838           
11.464840           
10.911521           
9.893567            
9.092407            
9.900048            
11.099463           
9.423690            
10.563461           
9.092407            
9.629968            
9.092407            
8.613099            
9.893567            
9.092407            
10.218788           
10.152533           
9.092407            
9.900048            
10.911521           
9.900048            
10.152533           
10.357678           
9.218982            
9.671783            
10.911521           
10.152533           
10.911521           
9.092407            
9.325187            
11.587735           
9.092407            
10.152533           
10.152533           
10.400597           
12.018453           
10.350375           
9.893567            
8.311790            
9.545169            
12.730846           
10.264733           
9.893567            
15.404749           
9.725955            
10.085564           
10.609251           
8.129619            
9.092407            
9.092407            
10.369838           
9.092407            
12.730846           
10.152533           
12.018453           
9.218982            
10.911521           
10.911521           
9.893567            
8.875973            
10.911521           
12.437451           
13.035351           
9.092407            
11.697737           
10.911521           
9.893567            
10.688120           
9.092407            
11.587735           
9.591649            
9.092407            
13.266321           
10.937715           
11.088649           
10.911521           
10.911521           
9.092407            
9.911779            
9.092407            
14.550383           
9.526252            
9.092407            
10.911521           
10.911521           
10.937715           
9.092407            
12.730846           
10.000585           
9.092407            
10.911521           
9.893567            
9.092407            
9.646883            
9.893567            
10.911521           
10.956549           
10.152533           
10.911521           
10.911521           
10.152533           
10.152494           
11.697737           
9.092407            
9.092407            
8.217629            
12.861731           
10.357678           
12.730846           
9.966524            
12.861731           
9.893567            
10.152533           
10.521400           
10.911521           
9.893567            
12.730846           
10.911521           
10.697739           
10.911521           
9.092407            
12.730846           
9.893567            
9.784050            
12.498526           
11.697737           
10.033467           
12.321252           
10.911521           
11.109452           
9.092407            
12.730846           
10.911521           
9.257395            
10.152533           
10.911521           
10.563461           
9.893567            
10.291394           
10.923074           
11.697737           
10.591704           
9.893567            
9.900048            
12.415551           
11.071342           
12.730846           
10.911521           
12.730846           
10.911521           
15.028879           
9.218982            
11.587735           
11.701162           
9.092407            
9.092407            
8.635451            
12.730846           
10.911521           
9.092407            
9.900048            
10.563461           
10.369838           
9.616341            
10.609251           
9.092407            
9.257395            
10.911521           
9.496645            
12.730846           
10.152533           
11.193047           
9.092407            
11.587735           
9.092407            
9.900048            
9.092407            
9.092407            
11.587735           
10.033467           
12.028575           
10.749559           
9.092407            
13.266321           
10.911521           
12.310537           
10.911521           
10.911521           
11.596556           
10.911521           
10.000585           
9.526252            
10.911521           
9.092407            
9.257395            
10.911521           
10.911521           
8.795584            
10.911521           
11.508206           
11.433570           
9.092407            
12.902845           
10.911521           
11.697737           
10.521400           
10.357678           
10.152533           
9.218982            
11.527449           
9.900048            
9.092407            
12.018453           
10.203818           
8.317262            
10.911521           
9.092407            
10.911521           
11.331437           
11.587735           
9.092407            
9.092407            
10.152533           
10.152533           
8.317262            
10.266783           
9.092407            
13.520499           
10.033467           
9.218982            
9.893567            
10.563461           
10.033467           
8.964111            
10.911521           
9.893567            
10.911521           
9.473367            
10.252255           
9.092407            
9.893567            
11.613811           
9.392351            
10.319500           
11.697737           
9.900048            
9.218982            
11.087595           
9.817561            
9.218982            
9.092407            
10.911521           
10.911521           
12.730846           
10.119167           
9.893567            
12.018453           
11.587735           
9.218982            
10.911521           
9.893567            
14.550383           
10.911521           
9.092407            
11.433570           
10.742984           
8.317262            
11.587735           
10.033467           
11.628764           
10.911521           
10.804606           
10.956549           
9.900048            
8.909434            
10.980502           
9.092407            
9.092407            
9.092407            
12.353765           
9.893567            
12.203938           
9.092407            
10.911521           
11.508206           
9.769921            
9.053236            
9.053236            
12.076982           
10.911521           
9.893567            
12.276315           
9.092407            
10.152533           
12.132547           
9.110854            
11.508206           
9.257395            
10.911521           
10.370979           
10.911521           
10.911521           
10.152533           
9.092407            
9.893567            
11.508206           
10.152533           
9.658739            
13.701384           
11.365663           
9.092407            
9.092407            
9.092407            
9.092407            
10.152533           
9.700759            
9.392351            
9.092407            
12.018453           
10.152533           
9.092407            
9.398955            
11.508206           
11.863619           
10.911521           
11.365663           
12.064893           
12.730846           
10.864274           
10.152533           
10.911521           
10.911521           
10.609251           
13.540037           
9.526252            
11.697737           
12.073093           
10.937715           
12.464428           
10.152533           
9.206633            
9.893567            
11.508206           
9.893567            
9.900048            
10.956549           
9.092407            
12.703538           
9.042571            
7.838234            
9.092407            
11.973080           
9.900048            
10.152533           
13.956389           
9.900048            
8.635451            
9.325187            
9.092407            
11.699495           
10.911521           
9.526252            
10.911521           
10.911521           
15.042886           
9.092407            
9.092407            
14.555831           
10.152533           
10.152533           
9.092407            
11.587735           
10.911521           
12.730846           
12.730846           
11.306089           
12.730846           
9.092407            
9.218982            
9.392351            
9.092407            
12.861731           
10.937715           
9.923561            
11.587735           
11.433570           
10.521400           
10.911521           
13.272938           
9.092407            
9.092407            
10.911521           
10.033467           
14.550383           
9.092407            
9.005554            
9.092407            
10.911521           
9.147794            
11.463765           
10.911521           
9.092407            
11.773689           
10.291394           
12.730846           
9.893567            
12.621811           
9.758747            
10.152533           
12.730846           
9.671783            
9.407256            
11.371352           
9.092407            
12.817384           
12.730846           
10.369838           
11.049632           
9.092407            
8.665752            
9.092407            
13.464963           
12.730846           
12.730846           
13.272938           
10.911521           
12.111547           
9.900048            
10.911521           
16.370130           
10.911521           
10.911521           
9.092407            
10.521400           
10.292505           
9.092407            
10.563461           
10.981067           
9.092407            
10.911521           
10.937715           
10.911521           
9.893567            
11.667143           
10.937715           
9.900048            
9.893567            
9.893567            
10.956549           
12.233669           
14.903693           
9.092407            
12.730846           
10.128609           
9.092407            
10.911521           
10.911521           
9.092407            
10.357678           
8.635451            
9.900048            
10.911521           
10.911521           
9.899175            
12.730846           
12.815580           
8.523021            
11.697737           
9.829936            
12.730846           
10.911521           
11.118107           
11.502005           
10.521400           
12.730846           
10.911521           
11.587735           
9.854998            
11.587735           
9.893567            
10.911521           
9.092407            
10.911521           
10.152533           
9.407256            
10.911521           
12.730846           
10.911521           
9.900048            
11.508206           
10.482210           
9.218982            
10.319500           
10.911521           
9.092407            
10.521400           
10.956549           
9.893567            
10.911521           
9.526252            
10.911521           
11.587735           
12.018453           
10.864274           
10.466409           
13.807816           
9.092407            
11.109452           
9.893567            
12.730846           
12.730846           
10.911521           
9.092407            
9.092407            
11.827715           
10.033467           
8.093194            
9.092407            
9.900048            
11.511935           
9.893567            
10.521400           
11.522686           
11.461182           
9.392351            
10.911521           
10.688120           
9.893567            
10.980502           
10.033467           
12.730846           
10.911521           
10.521400           
8.492268            
10.225457           
12.113216           
9.218982            
9.092407            
11.587735           
12.730846           
10.956549           
10.152533           
10.911521           
9.092407            
10.911521           
9.092407            
10.266783           
12.284799           
11.156350           
12.730846           
10.911521           
10.443862           
10.911521           
9.092407            
9.218982            
9.092407            
11.587735           
10.033467           
8.647453            
10.858501           
10.009206           
11.109452           
9.053236            
10.911521           
9.092407            
13.899337           
7.335875            
12.807045           
9.092407            
10.152533           
9.900048            
9.092407            
9.671783            
9.092407            
12.730846           
9.092407            
13.136881           
8.317262            
9.191961            
9.092407            
11.324471           
10.152533           
9.292406            
10.266783           
9.900048            
8.635451            
11.431355           
10.911521           
8.317262            
9.042571            
9.092407            
9.092407            
9.092407            
12.018453           
9.867586            
10.266783           
9.218982            
9.221103            
9.893567            
12.730846           
10.956549           
11.465482           
11.508206           
11.667143           
9.092407            
11.811545           
10.911521           
9.092407            
9.092407            
10.688120           
12.437451           
10.911521           
9.092407            
10.956549           
12.730846           
10.710790           
11.699495           
10.271482           
10.911521           
9.092407            
12.730846           
10.933083           
10.624153           
9.218982            
10.911521           
8.317262            
9.092407            
9.092407            
10.911521           
10.851886           
8.317262            
10.911521           
12.122562           
9.329156            
11.118107           
9.646883            
10.911521           
12.312198           
12.464428           
9.092407            
10.911521           
10.478009           
13.540037           
9.053236            
10.152533           
9.092407            
9.681521            
12.692773           
9.900048            
11.480771           
11.587735           
9.900048            
12.415551           
10.911521           
11.433570           
10.911521           
9.107939            
10.152533           
8.635451            
8.217629            
10.319500           
9.671783            
15.015851           
10.152533           
10.911521           
10.319500           
10.484235           
15.541180           
10.152533           
12.730846           
9.900048            
9.092407            
9.893567            
9.092407            
10.152533           
10.563461           
13.887235           
11.109452           
10.911521           
10.911521           
10.555355           
10.521400           
13.899337           
10.369838           
9.893567            
9.092407            
13.341579           
10.188837           
9.092407            
11.088649           
13.298092           
10.152533           
13.136881           
10.521400           
9.893567            
9.407256            
9.218982            
9.147878            
9.662027            
9.092407            
10.911521           
12.730846           
9.092407            
10.911521           
9.329156            
11.587735           
9.092407            
9.191961            
9.092407            
11.323261           
9.092407            
13.540037           
10.911521           
9.900048            
9.218982            
9.092407            
12.730846           
10.907055           
10.521400           
9.092407            
9.147794            
13.289895           
