1                   1                   1                   781                 336.73              2.32                2.64                2074.00             37.7  
2                   1                   1                   185                 53.90               3.43                3.55                332.00              55.7  
3                   1                   1                   233                 101.96              2.29                2.37                628.00              37.1  
4                   1                   1                   184                 86.37               2.13                2.19                532.00              34.6  
5                   1                   1                   54                  14.45               3.74                3.77                89.00               60.7  
6                   1                   1                   77                  27.76               2.77                2.81                171.00              45.0  
7                   1                   1                   44                  14.13               3.12                3.14                87.00               50.6  
8                   1                   1                   132                 72.57               1.82                1.85                447.00              29.5  
9                   1                   1                   13                  2.11                6.16                6.18                13.00               100.0 
10                  1                   1                   58                  23.54               2.46                2.49                145.00              40.0  
11                  1                   1                   154                 94.01               1.64                1.66                579.00              26.6  
12                  1                   1                   20                  4.87                4.11                4.12                30.00               66.7  
13                  1                   1                   31                  10.72               2.89                2.91                66.00               47.0  
14                  1                   1                   19                  5.84                3.25                3.26                36.00               52.8  
15                  1                   1                   6                   0.97                6.16                6.17                6.00                100.0 
16                  1                   1                   6                   0.97                6.16                6.17                6.00                100.0 
17                  1                   1                   5                   0.81                6.16                6.17                5.00                100.0 
18                  1                   1                   5                   0.81                6.16                6.17                5.00                100.0 
19                  1                   1                   5                   0.81                6.16                6.17                5.00                100.0 
20                  1                   1                   11                  3.08                3.57                3.57                19.00               57.9  
21                  1                   1                   18                  6.98                2.58                2.59                43.00               41.9  
22                  1                   1                   10                  2.76                3.62                3.63                17.00               58.8  
23                  1                   1                   8                   1.95                4.11                4.11                12.00               66.7  
24                  1                   1                   23                  10.23               2.25                2.26                63.00               36.5  
