1                   22873                           39.110334           -84.504931          1.51                2018/1/1          2022/3/11         2074                308.682206          1e-17               781                 336.73              2.32                2.64                2074.00             F 
2                   1516                            39.141126           -84.539886          0.87                2018/1/1          2022/3/11         332                 137.059492          1e-17               185                 53.90               3.43                3.55                332.00              F 
3                   11826                           39.112772           -84.569420          0.71                2018/1/1          2022/3/11         628                 82.070657           1e-17               233                 101.96              2.29                2.37                628.00              F 
4                   19433                           39.133584           -84.510914          1.00                2018/1/1          2022/3/11         532                 54.569943           1e-17               184                 86.37               2.13                2.19                532.00              F 
5                   1672                            39.162652           -84.512876          0.65                2018/1/1          2022/3/11         89                  44.960338           0.00000000000000777 54                  14.45               3.74                3.77                89.00               F 
6                   25601                           39.200134           -84.479375          0.92                2018/1/1          2022/3/11         171                 39.321989           0.00000000000146    77                  27.76               2.77                2.81                171.00              F 
7                   1569                            39.149961           -84.611911          0.47                2018/1/1          2022/3/11         87                  27.444756           0.0000000888        44                  14.13               3.12                3.14                87.00               F 
8                   25422                           39.118112           -84.546249          1.20                2018/1/1          2022/3/11         447                 25.065547           0.000000807         132                 72.57               1.82                1.85                447.00              F 
9                   1                               39.159052           -84.569193          0.28                2018/1/1          2022/3/11         13                  23.651234           0.00000300          13                  2.11                6.16                6.18                13.00               F 
10                  1743                            39.099658           -84.539105          1.04                2018/1/1          2022/3/11         145                 23.447705           0.00000362          58                  23.54               2.46                2.49                145.00              F 
11                  12918                           39.117439           -84.613679          1.88                2018/1/1          2022/3/11         579                 20.450015           0.0000583           154                 94.01               1.64                1.66                579.00              F 
12                  2152                            39.133509           -84.564908          0.24                2018/1/1          2022/3/11         30                  19.069749           0.000210            20                  4.87                4.11                4.12                30.00               F 
13                  2240                            39.094556           -84.388426          0.30                2018/1/1          2022/3/11         66                  16.992932           0.00144             31                  10.72               2.89                2.91                66.00               F 
14                  19465                           39.134188           -84.486171          0.20                2018/1/1          2022/3/11         36                  12.681252           0.111               19                  5.84                3.25                3.26                36.00               F 
15                  11467                           39.129082           -84.596941          0.064               2018/1/1          2022/3/11         6                   10.911521           0.438               6                   0.97                6.16                6.17                6.00                F 
16                  2792                            39.114302           -84.410290          0.63                2018/1/1          2022/3/11         6                   10.911521           0.438               6                   0.97                6.16                6.17                6.00                F 
17                  3310                            39.193312           -84.571678          0.085               2018/1/1          2022/3/11         5                   9.092407            0.958               5                   0.81                6.16                6.17                5.00                F 
18                  523                             39.098380           -84.429684          0.37                2018/1/1          2022/3/11         5                   9.092407            0.958               5                   0.81                6.16                6.17                5.00                F 
19                  805                             39.206054           -84.530723          0.11                2018/1/1          2022/3/11         5                   9.092407            0.958               5                   0.81                6.16                6.17                5.00                F 
20                  939                             39.209422           -84.474262          0.26                2018/1/1          2022/3/11         19                  8.492268            0.983               11                  3.08                3.57                3.57                19.00               F 
21                  16942                           39.159368           -84.487039          0.11                2018/1/1          2022/3/11         43                  7.937535            0.998               18                  6.98                2.58                2.59                43.00               F 
22                  2585                            39.088747           -84.384335          0.19                2018/1/1          2022/3/11         17                  7.910166            0.998               10                  2.76                3.62                3.63                17.00               F 
23                  56815                           39.136030           -84.494960          0.28                2018/1/1          2022/3/11         12                  7.619624            0.999               8                   1.95                4.11                4.11                12.00               F 
24                  3598                            39.152642           -84.600140          0.40                2018/1/1          2022/3/11         63                  7.578141            0.999               23                  10.23               2.25                2.26                63.00               F 
